J1 = 0.001;
J2 = 0.001;
J3 = 0.002;
Ka = 920;
Kb = 80;
D1 = 0.05;
D2 = 0.001;
D3 = 0.007;
Da = 0.001;
Db = 0.001;
Ae = 5000;

